8 1 1 0 1 0 0 300 300
4 3  3  3 2 1  1 2
8 12 12 9 8 11 9 13
sid		116	8  	108	8	1
xf		97	4	47	4	1
xl		93	4	43	4	1
brthdate	101	8	93	8	1
fname		9 	12 	1   	12 	0	uo	0.99	 0.05	
lname		45	15	25	15	0	uo	0.90	 0.10
altlname	60	15	51	15	0	uo	0.90	 0.10
sex		109	1	101	1	0	c	0.90	 0.50
race		110	1	102	1	0	c	0.80	 0.40
zipcode		111	5	103	5	0	uo	0.80	 0.20
mname		21	12	13	12	0	uoi	0.80	 0.10
midname		33	12	81	12	0	uo	0.80	 0.10
100	0
100	0
xf		97	4	47	4	1
xl		93	4	43	4	1
sid		116	8  	108	8	1
fname		9 	12 	1   	12 	0	uo	0.99	 0.05	
lname		45	15	25	15	0	uo	0.90	 0.10
altlname	60	15	51	15	0	uo	0.90	 0.10
sex		109	1	101	1	0	c	0.90	 0.50
race		110	1	102	1	0	c	0.80	 0.40
zipcode		111	5	103	5	0	uo	0.80	 0.20
mname		21	12	13	12	0	uoi	0.80	 0.10
midname		33	12	81	12	0	uo	0.80	 0.10
brthdate	101	8	93	8	0	uo	0.99	 0.10
brthyr		101	4	93	4	0	y	0.99	 0.40
brthmon		105	2	97	2	0	uoi	0.99	 0.10
brthday		107	2	99	2	0	uo	0.99	 0.05	
100	0
100	0
xf		97	4	47	4	1
xl		93	4	43	4	1
sid2		124	8  	108	8	1
fname		9 	12 	1   	12 	0	uo	0.99	 0.05	
lname		45	15	25	15	0	uo	0.90	 0.10
altlname	60	15	51	15	0	uo	0.90	 0.10
sex		109	1	101	1	0	c	0.90	 0.50
race		110	1	102	1	0	c	0.80	 0.40
zipcode		111	5	103	5	0	uo	0.80	 0.20
mname		21	12	13	12	0	uoi	0.80	 0.10
midname		33	12	81	12	0	uo	0.80	 0.10
brthdate	101	8	93	8	0	uo	0.99	 0.10
brthyr		101	4	93	4	0	y	0.99	 0.40
brthmon		105	2	97	2	0	uoi	0.99	 0.10
brthday		107	2	99	2	0	uo	0.99	 0.05	
100	0
100	0
xf		97	4	47	4	1
xl		93	4	43	4	1
brthdate	101	8	93	8	1
fname		9 	12 	1   	12 	0	uo	0.99	 0.05	
lname		45	15	25	15	0	uo	0.90	 0.10
altlname	60	15	51	15	0	uo	0.90	 0.10
sex		109	1	101	1	0	c	0.90	 0.50
race		110	1	102	1	0	c	0.80	 0.40
zipcode		111	5	103	5	0	uo	0.80	 0.20
mname		21	12	13	12	0	uoi	0.80	 0.10
midname		33	12	81	12	0	uo	0.80	 0.10
sid		116	8  	108	8	0	uo	0.9999	 0.10
100	0
100	0
sid		116	8  	108	8	1
brthdate	101	8	93	8	1
fname		9 	12 	1   	12 	0	uo	0.99	 0.05	
lname		45	15	25	15	0	uoi	0.90	 0.10
altlname	60	15	51	15	0	uo	0.90	 0.10
sex		109	1	101	1	0	c	0.90	 0.50
race		110	1	102	1	0	c	0.80	 0.40
zipcode		111	5	103	5	0	uo	0.80	 0.20
lname		45	15	25	15	0	uoi	0.90	 0.10
mname		21	12	13	12	0	uo	0.80	 0.10
100	0
100	0
sid		116	8  	108	8	1
fname		9 	12 	1   	12 	0	uo	0.99	 0.05	
mname		21	12	13	12	0	uo	0.80	 0.10
lname		45	15	25	15	0	uoi	0.90	 0.10
altlname	60	15	51	15	0	uo	0.90	 0.10
sex		109	1	101	1	0	c	0.90	 0.50
race		110	1	102	1	0	c	0.80	 0.40
brthdate	101	8	93	8	0	uo	0.99	 0.10
brthyr		101	4	93	4	0	y	0.99	 0.40
brthmon		105	2	97	2	0	uoi	0.99	 0.10
brthday		107	2	99	2	0	uo	0.99	 0.05	
zipcode		111	5	103	5	0	uo	0.80	 0.20
100	0
100	0
brthdate	101	8	93	8	1
fname		9 	12 	1   	12 	0	uo	0.99	 0.05	
lname		45	15	25	15	0	uoi	0.90	 0.10
mname		21	12	13	12	0	uo	0.80	 0.10
lname		45	15	25	15	0	uoi	0.90	 0.10
altlname	60	15	51	15	0	uo	0.90	 0.10
sex		109	1	101	1	0	c	0.90	 0.50
race		110	1	102	1	0	c	0.80	 0.40
sid		116	8  	108	8	0	uo	0.9999	 0.10
zipcode		111	5	103	5	0	uo	0.80	 0.20
100	4.3
100	4.3
xf		97	4	47	4	1
xl		93	4	43	4	1
fname		9 	12 	1   	12 	0	uo	0.99	 0.05	
lname		45	15	25	15	0	uo	0.90	 0.10
altlname	60	15	51	15	0	uo	0.90	 0.10
sex		109	1	101	1	0	c	0.90	 0.50
race		110	1	102	1	0	c	0.80	 0.40
zipcode		111	5	103	5	0	uo	0.80	 0.20
mname		21	12	13	12	0	uoi	0.80	 0.10
midname		33	12	81	12	0	uo	0.80	 0.10
brthdate	101	8	93	8	0	uo	0.99	 0.10
brthyr		101	4	93	4	0	q	0.99	 0.40
brthmon		105	2	97	2	0	uoi	0.99	 0.10
brthday		107	2	99	2	0	uo	0.99	 0.05	
sid		116	8  	108	8	0	uo	0.9999	 0.10
100	10
100	10
seq		1	8	116	8
