2 1 1 0 1 0 0 880 880 
1 1 
2 3 
id                            1    4     1    4     1   
fname                         5    15    5    15    0 uo    0.88    0.02   
lname                         20   15    20   15    0 uo    0.49    0.41   
100.0  0.0 
100.0  0.0 
lname                         20   15    20   15    1   
addrnum                       35   5     35   5     0 uo    0.76    0.04   
street                        40   15    40   15    0 uo    0.65    0.15   
city                          55   15    55   15    0 uo    0.34    0.26   
98.0   2.0 
97.0   3.0 
id                            1 4 1 4
