3 1 1 0 1 0 0 880 880 
3 2 2 
2 3 3 
fname                           1    14    1    14    1   
lname                           23   14    15   14    1   
dob                             44   8     33   8     1   
race                            34   2     29   2     0 uo    0.90    0.10   
gender                          42   2     31   2     0 uo    0.90    0.10   
100.0  0.0 
100.0  0.0 
lname                           23   14    15   14    1   
dob                             44   8     33   8     1   
fname                           1    14    1    14    0 uo    0.90    0.10   
race                            34   2     29   2     0 uo    0.90    0.10   
gender                          42   2     31   2     0 uo    0.90    0.10   
100.0  0.0 
100.0  0.0 
fname                           1    14    1    14    1   
dob                             44   8     33   8     1   
lname                           23   14    15   14    0 uo    0.90    0.10   
race                            34   2     29   2     0 uo    0.90    0.10   
gender                          42   2     31   2     0 uo    0.90    0.10   
100.0  0.0 
100.0  0.0 
id                      52 4 41 4
